11 0 N
12 1 S 
11 13
120
7 - 1 0 
120 - 0 1
7 0 1 0
1 17 -17 1
0 7 - -
103
1 42 103 S
42 48 51 S
14 16 25 S
81 113 12 N
81 42 6 N
81 48 3 S
27 16 1 S
3 113 0 N
3
---
101 0 N
102 1 S 
101 103
10200
11 - 1 0 
10200 - 0 1
11 0 1 0
3 927 -927 1
2 3 2782 -3
1 1 -3709 4
0 2 - -
6491
1 199 6491 S
199 8392 3245 S
5528 7757 1622 N
5528 97 811 S
5663 9409 405 S
9404 10154 202 N
9404 9986 101 S
463 7441 50 N
463 3715 25 S
3550 6847 12 N
3550 5491 6 N
3550 3187 3 S
5789 3641 1 S
1271 3459 0 N
1271
---
19 0 N
20 3 S 
17 23
352
3 - 1 0 
352 - 0 1
3 0 1 0
1 117 -117 1
0 3 - -
235
1 100 235 S
100 225 117 S
213 186 58 N
213 188 29 S
162 154 14 N
162 256 7 S
26 239 3 S
349 35 1 S
94 52 0 N
94
---
