3 1
5 1
7 1
11 1
0
1 2 0 N
2
1 2 2 N
1 4 1 S
4 1 0 N
4
1 2 4 N
1 4 2 N
1 2 1 S
2 4 0 N
4
1 2 4 N
1 4 2 N
1 5 1 S
5 3 0 N
3 - 1 0 
5 - 0 1
3 0 1 0
2 1 -1 1
1 1 2 -1
0 2 - - 
2 -1
4 15
15 - 1 0 
7 - 0 1
1 2 1 -2
0 7 - - 
1 -2
79 105
105 - 1 0 
11 - 0 1
6 9 1 -9
5 1 -1 10
1 1 2 -19
0 5 - - 
2 -19
709 1155
---
3 1
7 1
23 1
29 1
0
2
1 3 2 N
1 2 1 S
2 4 0 N
12
1 3 12 N
1 9 6 N
1 12 3 S
12 6 1 S
3 13 0 N
14
1 3 14 N
1 9 7 S
9 23 3 S
4 7 1 S
28 20 0 N
3 - 1 0 
7 - 0 1
3 0 1 0
1 2 -2 1
0 3 - - 
-2 1
9 21
21 - 1 0 
23 - 0 1
21 0 1 0
2 1 -1 1
1 10 11 -10
0 2 - - 
11 -10
72 483
483 - 1 0 
29 - 0 1
19 16 1 -16
10 1 -1 17
9 1 2 -33
1 1 -3 50
0 9 - - 
-3 50
7800 14007
---
5 1
11 1
19 1
29 1
0
3
1 5 3 S
5 3 1 S
4 9 0 N
17
1 5 17 S
5 6 8 N
5 17 4 N
5 4 2 N
5 16 1 S
4 9 0 N
19
1 5 19 S
5 25 9 S
9 16 4 N
9 24 2 N
9 25 1 S
22 16 0 N
5 - 1 0 
11 - 0 1
5 0 1 0
1 2 -2 1
0 5 - - 
-2 1
15 55
55 - 1 0 
19 - 0 1
17 2 1 -2
2 1 -1 3
1 8 9 -26
0 2 - - 
9 -26
840 1045
1045 - 1 0 
29 - 0 1
1 36 1 -36
0 29 - - 
1 -36
24875 30305
---
